13.07
4.12
6.62
12.03
16.58
16.02
4.75
2.40
1.30
5.30
5.13
3.91
8.08
39.98
9.00
58.00
10.29
96.30
11.40
5.00
27.70
25.40
0.66
2.69
2.70
5.88
31.00
9.82
4.21
4.30
55.00
23.38
4.06
21.50
23.80
15.57
10.34
10.45
20.04
16.54
4.92
15.21
10.20
21.33
81.00
20.78
5.81
163.00
5.21
5.40
10.22
5.51
19.48
10.00
13.00
13.13
12.40
21.24
6.00
13.40
12.00
212.00
30.89
220.00
10.00
5.00
37.91
25.00
1.60
8.64
56.84
1.00
8.57
3.60
8.69
325.85
48.00
4.69
8.01
10.00
5.68
13.51
5.00
120000.00
30.00
11.10
21.45
24.42
167.66
21.05
3.72
4.24
8.50
1.40
181.38
3.00
18.00
8.00
12.20
9.20
8.00
16.22
202.50
3.50
5.00
60.00
2.72
8.70
2.50
2.64
4.30
3.30
0.55
17.88
15.10
12.64
7.50
3.60
13.97
22.80
10.84
2.25
2.58
8.00
6.00
3.00
15.19
5.44
13.56
7.00
8.40
13.84
0.89
8.10
55.65
4.10
6.00
3.60
2.03
14.59
7.20
13.60
28.96
441.93
4.81
37.35
3.00
13.52
3.36
1.00
31.50
78.60
4.77
115.00
5.40
2.97
25.10
12.70
3.00
4.08
12.47
31.80
7.84
39.74
23.62
45.85
10.25
4.00
6.14
16.59
5.21
7.51
35.91
12.88
29.40
24.89
10.88
28.90
23.60
11.30
5.24
41.67
31.98
32.28
6.00
3.50
0.41
15.00
12.00
2.50
0.74
19.75
0.93
14.97
7.87
3.70
9.20
5.89
10.04
9.00
10.00
7.34
3.13
5.09
191.00
6.70
9.80
140.00
12.00
26.76
3.84
9.00
6.41
12.81
20.50
29.38
2.60
6.30
32.44
35.16
118.00
9.93
8.20
8.57
15.77
17.46
1.97
8.70
108.00
8.40
4.00
0.56
3.53
4.90
5.32
60.00
4.50
15.00
3.50
3.00
3.50
21.40
33.40
16.30
56.00
1.84
11.42
6.60
37.90
48.00
43.70
82.50
28.15
82.10
8.90
2.80
3.30
21.00
9.50
2.71
38.50
8.13
6.95
4.85
1.56
9.90
6.50
14.90
5.45
37.00
15.35
35.78
1.00
43.65
7.58
5.89
0.93
12.49
2.96
4.10
5.10
8.00
5.80
21.26
18.76
14.00
104.66
7.00
7.30
11.00
14.80
11.42
9.80
15.00
8.08
4.18
3.30
210.00
30.12
7.14
8.00
10.04
20.00
25.00
9.00
40.90
18.36
36.90
5.40
2.65
2.50
20.00
4.50
0.76
9.97
6.47
64.18
12.63
18.50
18.55
8.10
5.00
15.00
14.25
3.89
300.00
4.73
7.50
5.00
18.80
40.00
7.80
20.90
8.12
11.35
7.26
5.00
8.40
187.28
8.60
4.17
0.80
4.23
3.20
2.12
6.19
24.00
3.00
1.40
31.04
18.00
49.54
4.34
8.84
7.51
6.80
29.28
19.58
6.77
6.90
13.47
2.11
5.18
7.97
10.02
130.00
25.00
3.30
25.00
4.63
25.49
800.00
2.08
3.80
10.14
7.87
8.69
12.80
1.53
49000.00
4.24
11.13
13.57
6.66
58.42
8.98
2.80
11.00
4.00
5.90
9.85
7.90
4.50
11.00
27.68
17.35
27.81
10.78
14.01
37.27
7.36
5.70
16.47
6.87
11.96
5.43
3.88
1.43
18.56
7.33
3.09
5.12
8.63
22.10
5.94
17.44
4.00
11.20
15.92
255.00
8.44
7.05
5.00
12.00
138.99
19.50
11.90
348.81
6.46
136.02
18.10
10.00
8.60
17.00
29.55
0.47
7.00
17.16
2.10
34.01
6.27
2.36
9.45
12.77
29.70
37.79
6.88
17.00
3.60
