16.00
21.00
28.50
21.50
25.00
21.00
26.00
30.00
36.00
2600.00
550.00
26.66
350.00
689.00
1311.00
228.60
75.00
198.03
5.16
25.85
1680.00
623.47
1450.00
1571.30
140.40
34.48
1517.00
541.60
132.97
300.00
238.00
7.00
500.00
86.70
83.74
222.00
50.00
99.00
63.10
369.00
54.20
1101.80
62.00
70.00
39.85
1300.00
79.60
180.00
570.00
15.38
70.00
7.00
822.80
2.35
664.00
2.50
28.80
1101.80
519.65
9.80
78.00
25.00
590.41
23.50
111.70
590.41
46.00
132.60
469.25
225.02
212.60
58.80
1311.00
14.80
673.40
200.00
622.90
664.00
49.50
354.12
55.00
3655.10
1571.30
197.69
197.69
19.40
194.60
