4.85
3.33
3.00
31.78
6.87
4.50
9.47
4.37
5.40
3.22
15.63
7.20
5.47
3.90
23.78
7.30
4.50
6.50
1.60
23.36
16.57
2.56
38.79
21.28
23.20
29.23
11.98
17.29
19.35
91.00
14.00
6.00
10.00
2.10
14.33
4.04
1.97
1.51
37.88
1.98
3.97
61.59
15.73
12.42
5.25
2.70
2.12
24.71
120.64
6.38
120.00
9.69
2.24
1.93
21.08
11.13
10.00
12.73
2.51
6.87
19.92
3.40
8.50
8.49
15.23
60.63
1.67
5.20
1.93
5.97
22.98
10.88
3.50
16.50
5.00
13.15
23.60
4.90
75.00
13.00
26.77
6.88
25.89
3.00
4.20
6.00
7.55
19.57
12.86
6.80
7.90
5.70
9.74
11.30
15.60
26.00
8.26
26.00
12.52
6.80
4.55
28.61
15.00
4.00
0.51
3.44
5.00
3.00
2.00
10.00
9.69
19.20
15.60
9.96
8.80
3.30
43.87
40.95
6.56
8.53
4.62
10.00
8.70
21.71
0.97
8.00
15.08
6.50
5.28
16.81
2.20
9.57
76.00
6.44
4.90
22.50
21.80
2.29
3.65
2.31
20.00
4.60
16.96
7.63
6.90
20.00
18.16
29.50
5.97
3.01
16.87
19.50
16.61
21.33
18.92
12.50
7.83
5.80
3.20
8.30
4.30
1.61
4810.00
29.50
6.20
3.72
11.30
8.50
12.60
22.50
7.54
12.50
48.50
41.50
5.44
4.00
34.82
14.00
6.00
2.50
2.90
11.56
3.30
0.90
7.20
23.38
7.67
13.00
12.57
31.88
5.21
4.15
2.25
9.86
18.18
11.67
4.01
8.00
4.34
1.10
1.60
36.72
14.00
12.40
13.18
2.96
21.24
17.56
44.50
8.07
7.67
4.44
8.75
6.00
4.10
4.70
18.80
24.61
12.65
8.18
4.21
3.70
10.50
22.06
3.60
12.70
3.00
2.85
4.50
85848.00
50.00
3.55
9.40
9.20
8.70
45.53
5.15
32.00
30.59
212.01
15.33
6.13
4.18
19.73
0.90
5.18
1605.00
21.31
13.00
22.10
4.21
2.72
19.47
3.49
21.15
2.48
6.19
15.50
9.42
5.89
5.93
61.84
24.51
6.40
11.00
6.00
9.40
16.33
23.00
18.79
12.15
5.87
23.44
6.70
6.63
9.51
5.44
12.60
8.60
11.58
7.40
8.29
5.08
5.37
8.45
8.79
2.72
2.96
142.56
4.63
1.34
8.02
12.28
13.99
28.80
13.95
4.00
4.68
22.50
142.56
1.32
18.25
5.00
12.60
7.55
6.64
7.39
7.00
0.40
1.04
9.66
5.80
10.00
14.00
18.54
6.44
5.58
14.80
12.44
20.68
1.54
13.50
4.68
11.50
6.18
3.55
9.66
8.20
13.05
10.67
2.00
1.80
7.76
4.02
20.52
7.00
14.00
25.24
27.70
2.14
16.94
23.78
80.00
44.36
19.48
7.46
80.00
4.77
8.36
8.64
112.00
8.02
4.27
22.05
7.39
1.61
1.00
27.00
2.70
2.50
4.58
6.62
3.20
25.00
16.91
5.58
0.66
3.21
7.30
28.80
48.53
15.00
6.26
15.68
4.46
18.00
59.30
13.10
3.65
7.57
14.21
4.38
19.58
6.85
4.51
3.31
4.59
6.72
4.67
3.34
52.00
7.32
7.07
16.00
23.58
40.00
22.28
1.00
32.30
4.34
40.00
7.60
6.63
9.70
9.51
12.28
2.78
0.83
6.60
1.30
9.98
7.62
13.99
29.67
73.35
65.30
12.60
