500.20
5.46
9.00
12.40
143.78
32.00
3.00
1553.54
40.00
4.00
2.30
52.65
6.51
44.45
2.60
10.19
6.55
6.24
23.00
3.94
55.00
141.19
14.30
208.34
10.50
2.80
5.50
0.25
1.80
10.20
258.84
7.30
4.90
5.50
10.00
6.00
2.20
29.00
18.00
3.52
137.88
20.10
28.52
11.70
6.80
1.86
9.80
21.00
16.26
28.50
223.19
1.50
13.22
20.00
15.78
14.30
52.29
11.70
44.00
28.00
15.85
9.37
22.60
105.00
168.00
373.45
24.41
27.32
10.00
2.50
3.00
6.00
19.50
10.00
1.00
8.25
0.76
177.24
2.50
1.60
16.00
22.00
5.50
14.80
107.24
6.60
3.80
1.30
1.80
12.81
1.56
18.00
84.08
26.21
147.40
2.00
225.80
32.60
78.42
1.20
2.80
10.40
8.40
10.90
27.56
11.80
19.48
37.00
5.44
8.02
6.10
2.00
4.00
42.00
12.21
14.92
92.87
3.73
9.00
342.38
8.50
4.98
1.60
11.84
4.70
9.00
19.73
29.70
270.00
3.77
4.72
6.42
3.25
4.90
3.00
45.00
17.20
7.50
1400.00
16.79
12.00
11.00
10.77
3.00
189.00
3.08
12.84
23.77
25.00
1.30
116.70
101.50
946.00
4.00
373.45
3.08
50000.00
7.00
25.20
282.20
15.00
1.62
4.00
41.72
4.00
29.80
29.00
15.00
19.13
24.70
10.00
83.31
2.00
1805.00
44.62
61.16
21.00
2.60
38.00
18.38
5.90
199.53
29.00
28.00
12.00
18.38
102.90
17.00
3.00
18.80
5.00
4.11
6.80
189.00
1.60
4.78
9.80
1.60
24.47
97.00
800.00
6.89
65.00
75.00
1.90
15.60
6.70
128.00
370.56
2.00
0.60
81.30
366.72
5.81
552.13
11.73
2.20
9.71
15.70
10.00
8.00
200.00
8.00
20.00
17.80
18.57
4.00
400.00
4.19
35.00
6.50
278.80
3.60
1.00
52.24
40.00
3.80
12.84
3.30
1.40
2.00
12.38
98.90
1.25
1382.00
9.88
20.00
5.22
20.43
17.38
11.39
4.50
5.00
530.00
319.00
1.80
3.40
2.00
7.00
5.00
3.16
5.00
323.10
25.00
2.10
4.80
190.00
14.86
17.00
12.80
10.71
3.97
0.80
2.00
6.90
2.50
1.50
66.00
205.64
4.15
175.00
20.84
5.00
49.39
33.12
16.00
14.36
2561.41
342.38
10.50
2.00
12.78
941.00
21.91
28.00
19.50
5.00
553.50
5.50
22.77
27.47
168.00
36.02
30.50
941.00
25.65
18.70
25.00
11.70
12.51
12.70
11.20
3.20
3.06
15.80
33.00
525.00
4.30
36.00
4.60
16.00
121.50
7.00
53.99
6.30
5.00
10.40
85.00
530.00
1.80
240.00
10.00
0.80
5.36
148.00
6.00
2.00
32.40
24.78
2.94
1.00
48.00
9.07
2.36
7.50
5.00
5.00
4.50
234.18
9.00
1.69
148.00
16.77
51.95
3.64
8.40
265.00
3.08
6.70
48.99
22.00
19.00
375.04
126.54
3.00
1.80
1.50
5.58
4.65
19.80
3.60
4.00
3.85
60.00
130.99
40.50
70.00
128.00
15.58
25.00
15.67
375.04
2.00
4.56
75.09
4.00
3.00
5.21
42.46
4.00
8.00
4.20
8.00
20.00
38.80
5.50
61.55
2.50
3.70
4.60
7.83
2.50
5.79
4.90
8.38
8.50
10.94
18.00
1.20
2.00
60.00
230.00
33.09
121.50
2.90
141.00
13.00
5.19
1.66
3.60
338.00
4.14
2.37
30.00
11.50
148.13
21.12
16.70
12.00
37.63
19.00
120.00
250.00
78.36
2.00
140000.00
10.27
27.50
918.70
70.00
15.00
48.00
97.84
923.00
60.70
6.50
67.80
2.00
2.07
2.00
6.00
330.00
12.00
8.00
13.00
5.00
5.93
244.66
120.00
5.00
1.00
134.85
529.99
9.00
76.00
5.20
19.00
513.00
7.95
38.44
15.80
15.00
27.93
35.00
10.00
2.50
5.90
8.39
6.00
20.19
3.99
94.58
3.00
115.00
29.00
13.30
4.36
3.86
24.70
12.00
28.49
4.90
385.66
19.50
5.00
29.99
50.00
8.00
71.40
40.50
166.50
1.18
34.71
1.20
2561.41
35.60
258.84
1.00
11.28
119.46
7.42
6.86
23.12
2.90
18.87
225.80
8.40
1950000.00
21.40
8.58
9.80
1.88
8.40
50.00
9.10
6.78
3.80
13.20
6.00
5.40
80.00
20.50
105.87
47.00
5.70
19.50
10.38
9.00
21.45
28.17
12.82
12.00
24.57
4.18
4.00
7.72
0.96
1.58
