323123.00
481.61
87.00
4.90
14.65
15.42
23.00
145.18
7.74
121.45
1.30
2.52
923.00
25.92
9.50
8.00
11.07
5.00
111.32
2.64
11.70
9.86
450.00
321.00
340.00
445.00
241.04
4.00
15.75
1.69
2.80
68.86
13.00
3.89
11.00
9.80
10.68
17.80
3.16
20.00
35.00
786.00
25.00
3.84
244.35
480.00
3.55
843.40
303.40
151.00
12.35
4.70
3.90
85.00
3.20
119.70
3.80
13.20
25.61
7.50
12.00
19.90
29.80
4.58
13.40
69.30
196.80
13.95
7.99
22.00
30.00
12.10
229.58
16.50
210.30
2.38
77.00
281.08
4.65
38.00
120000.00
54.60
29.70
12.80
4.00
135.00
2.00
1.30
69.90
13.80
0.40
316.00
6.10
1.70
18.00
1.50
48.80
2.20
260.80
3.14
15.30
20.00
712.00
2.50
17.45
13.34
43.80
9.00
3.00
8.30
7.65
5.80
11.40
28.60
7.50
244.93
410.00
537.10
35.52
918.70
2.00
60.00
20.00
12.00
26.95
2.00
32.00
16.00
12.54
39.79
3.90
356.31
186.81
3.50
29.06
9.61
3.42
73.80
6.80
4.50
1003.00
3.80
30.00
21.44
92.80
120.00
4.59
2.00
15.90
47.13
4.13
18.20
28.05
228.40
1269.00
3.50
29.48
9.00
178.45
14.30
15.00
5.00
67.97
10.40
32.00
33.00
150.00
278.51
15.06
4.00
1.18
5.00
24.20
2.80
2.30
4.14
20.00
5.88
10.00
321.38
1.25
7.90
150.00
10.00
2.05
30.60
86.70
3.00
19.60
2.00
25.28
68.48
146.26
50.00
2.00
10.80
10.60
14.00
2.54
1.70
1.20
1.33
9.20
6.96
9.60
3.16
0.60
6.24
11.02
6.00
16.00
6.13
3.34
9.28
6.50
25.28
321.90
19.67
44.00
4.67
15.00
4.20
4.52
25.00
10.90
6.00
9.79
2.90
25.00
15.00
14.27
33.20
54.00
29.80
61.55
333.94
15.00
3.08
81.00
9.00
46.79
80.00
1.48
5.23
1.99
251.12
3.10
368.00
119.50
11.20
9.43
4.70
2.15
4.84
23.38
4.20
16.60
60.06
48.27
9.00
7.00
3.00
4.86
2.37
3.50
96.00
31.95
1.20
5.70
481.61
2.80
119.90
2.20
2.80
7.94
18.00
0.65
4.00
5.00
5.81
2.90
400.00
0.80
10.62
7.20
614.43
24.70
4.06
1.50
9.50
3.00
8.00
61.80
189.39
116.00
141.19
349.38
19.20
5.00
2.00
39.35
12.70
3.26
1.85
22.79
57.50
289.00
1.80
42.00
55.00
1.85
9.18
4.50
10.44
4.80
76.50
42.84
9.18
8.70
11.23
3.79
4.00
1.80
231.60
4.50
5.00
10.50
176.23
155.70
15.48
513.00
4.50
5.80
9.80
2.00
150.00
79.90
3.90
6.30
1.00
0.65
5.53
42.46
373.84
1.00
4.69
6.70
114.00
2.70
1.20
4.00
14.97
6.90
0.50
4.55
10.00
2.00
582.28
29.83
158.90
30.00
18.30
13.00
25.00
3.61
8.00
2.50
14.00
1.00
128.00
9.30
14.00
26.55
75.00
2.28
0.80
299.86
2.00
2.50
108.00
95.00
1.50
331.62
22.00
4.20
45.00
13.00
5.40
9.00
1.00
20.00
11.66
7.00
49.01
264.95
6.00
28.23
17.50
16.50
4.40
29.80
224.00
13.56
14.40
27.16
40.38
710.41
633.45
100.00
100.00
8.23
1.20
6.00
46.00
160.87
2.60
6.80
234.18
6.30
4.10
698.03
13.10
500.00
2.80
4.36
9.62
8.80
3.00
3.00
25.21
32.60
11.74
7.00
2.00
14.00
24.00
28.73
11.67
357.00
72.80
345.00
392.80
5.00
41.40
71.58
0.80
18.20
4.60
91.23
160.00
3.80
1.26
0.75
9.60
5.42
6.00
9.50
107.60
2.00
55.00
46.00
20.00
3.00
85.00
1.80
5.50
48.80
10.76
14.55
2.00
20.00
66.00
256.00
4.61
7.88
6.50
51.30
5.50
11.67
29.95
14.40
130.99
15.00
4.48
2.46
4.88
632.63
205.42
12.89
7.10
66.40
10.81
1.46
2.48
400.00
467.44
4.45
4.80
9.00
6.85
384.83
118.80
2.54
5.61
82.99
5.50
18.15
60.00
7.88
9.00
35.00
0.72
6.00
1.34
32.00
10.00
9.70
189.39
73.73
15.19
1.90
3.00
43.61
97.00
280.00
2.28
19.42
2.34
124.99
3.20
124.77
3.80
9.44
6.00
78.22
38.00
8.65
6.93
94.50
179.21
3.02
3.75
6.00
120.10
5.20
6.00
45.00
0.95
3.50
80.00
19.40
33.50
7.25
67.80
70.00
156.99
39.99
168.00
2.00
70.30
4.60
5.70
1.50
1.30
33.57
4.92
1.16
200.00
42.30
3.80
8.87
6.13
90.26
1.16
97.91
33.77
95.00
20.00
23.03
9.35
3.00
12.58
15.00
4.09
3.98
3.98
7.86
29.18
1.50
11.00
15.17
3.91
5.50
2.50
5.50
16.00
8.00
0.50
45.79
16.24
10.50
500.20
