63800.00
500.00
450.00
3100.00
10000.00
3500.00
200.00
122500.00
20000.00
150.00
1000.00
10000.00
1100.00
5000.00
200.00
3800.00
1600.00
1200.00
2500.00
1200.00
2400.00
28000.00
3000.00
22721.00
1200.00
5000.00
500.00
48000.00
20000.00
2000.00
6280.00
1000.00
98.40
182.26
600.00
600.00
300.00
20000.00
2000.00
200.00
20000.00
578.00
2851.75
268.00
680.00
300.00
3000.00
2500.00
8000.00
5000.00
54000.00
100.00
500.00
600.00
3500.00
4000.00
5000.00
2204.55
2600.00
5000.00
792.38
1800.00
1500.00
18400.00
16000.00
70000.00
6900.00
7000.00
500.00
100.00
135.00
481.00
1050.00
1000.00
80.00
1000.00
500.00
18000.00
30.00
100.00
2900.00
4100.00
1000.00
1480.00
40000.00
5000.00
600.00
150.00
33.00
400.00
279.00
3000.00
4000.00
2000.00
45800.00
344.00
54500.00
2000.00
6000.00
200.00
245.08
2500.00
8000.00
2000.00
4000.00
2800.00
481.00
2288.00
1000.00
160.00
1000.00
4500.00
2800.00
5000.00
1500.00
11700.00
8000.00
336.00
358.00
16075.00
1200.00
397.00
240.00
800.00
180.00
1500.00
1000.00
3047.19
85000.00
950.00
150.00
800.00
500.00
150.00
300.00
7009.20
3000.00
500.00
1400.00
1500.00
2500.00
800.00
1276.54
200.00
2953.00
1200.00
346.00
1024.00
2500.00
500.00
10600.00
9300.00
46647.00
200.00
70000.00
500.00
50000.00
2000.00
180.00
30000.00
1300.00
60.00
150.00
2781.40
150.00
1565.69
7000.00
3500.00
1275.28
987.99
700.00
7000.00
300.00
191500.00
4000.00
51000.00
5000.00
240.00
12000.00
609.10
600.00
18092.00
1832.00
3000.00
500.00
609.10
30000.00
1000.00
50.00
2000.00
1000.00
420.00
998.00
2953.00
350.00
4800.00
1500.00
1200.00
750.00
18000.00
800.00
850.00
5000.00
8200.00
76.40
9200.00
900.00
22000.00
35000.00
55.00
62.00
22827.00
30000.00
1000.00
30318.00
156000.00
10.00
10200.00
5000.00
10.00
2000.00
200.00
9050.00
1279.00
577.00
2200.00
310.00
91400.00
2000.00
2500.00
3264.40
16000.00
670.00
5116.00
28000.00
3800.00
500.00
3000.00
1100.00
285.00
150.00
2500.00
15721.00
150.00
71900.00
1460.00
13000.00
1500.00
1200.00
1250.00
600.00
800.00
95.00
53000.00
12569.00
172.00
100.00
1000.00
1000.00
600.00
50.00
400.00
17000.00
980.00
300.00
60.00
11000.00
1500.00
8966000.00
20000.00
4000.00
126.00
90.00
140.00
363.00
117.00
75.00
8756.00
17000.00
410.00
64000.00
1500.00
720.00
19725.60
22300.00
400.00
15000.00
25666.00
16075.00
7238.00
150.00
758.00
75280.00
1000.00
6000.00
1600.00
600.00
39250.00
1000.00
2484.00
2484.00
30000.00
4000.00
30000.00
75280.00
2965.00
1400.00
5000.00
1000.00
1000.00
1500.00
500.00
2800.00
500.00
860.00
3500.00
120000.00
1000.00
1390.00
3264.40
300.00
9800.00
77007700.00
30000.00
5850.00
500.00
11250.00
100000.00
53000.00
82.80
6600.00
1000.00
250.00
500.00
50000.00
700.00
300.00
13500.00
2791.40
2000.00
2000.00
1570.00
4860.00
2160.00
300.00
500.00
390.51
1500.00
21000.00
1000.00
200.00
50000.00
2188.00
7000.00
4050.00
15000.00
9920.00
396.00
3000.00
2600.00
1693.00
2000.00
80000.00
3000.00
400.00
252.00
90.00
35000.00
17865.00
1600.00
1500.00
70.00
214.00
25000.00
20000.00
11532.00
15460.00
48000.00
2100.00
1600.00
12500.00
80000.00
3800.00
1200.00
61345.00
515.00
200.00
1300.00
15000.00
480.00
3600.00
2000.00
320.00
1200.00
32000.00
2000.00
5900.00
600.00
2000.00
660.00
5000.00
95.00
650.00
1000.00
1198.00
1100.00
1568.00
8000.00
1500.00
100000.00
19500.00
9000.00
28000.00
9800.00
500.00
26000.00
730.00
2000.00
200.00
600.00
85000.00
7200.00
400.00
1300.00
2000.00
40000.00
27499.00
11460.00
500.00
10000.00
175.50
240.00
4000.00
24001.00
60000.00
140000.00
1378.00
3000.00
200000.00
25500.00
800.59
152000.00
8000.00
21899.00
22500.00
4000.00
25000.00
800.00
1200.00
15.00
44000.00
158300.00
465.00
99.00
230.00
300.00
4500.00
98000.00
15000.00
11000.00
272.00
29000.00
260000.00
1090.00
5300.00
500.00
25000.00
76500.42
8000.00
25690.00
500.00
980.00
1738.00
16000.00
9500.00
480.00
300.00
35000.00
475.00
5000.00
800.00
18000.00
28.00
25000.00
5000.00
15000.00
4800.00
4500.00
14000.00
980.00
2500.00
136.00
52000.00
6800.00
3100.00
37206.60
10000.00
300.00
15000.00
11532.00
220000.00
12000.00
4250.00
50.00
25666.00
3500.00
628000.00
5116.00
290.00
246003.00
350.00
700.00
11000.00
4200.00
50000.00
393837.00
1959.00
35000.00
1319.62
1000.00
1500.00
350.00
950.00
1200.00
9500.00
580.00
600.00
9500.00
150.00
108000.00
7000.00
15100.00
18985.00
2350.00
690.00
995.00
3000.00
1500.00
2300.00
5000.00
40000.00
5000.00
12562.00
1378.00
450.00
800.00
350.00
200.00