30600.00
924.00
1254.00
946.00
1100.00
924.00
1144.00
1320.00
1500.00
200000.00
25500.00
2150.00
35780.00
123095.00
220000.00
8700.00
1500.00
18000.00
500.00
8000.00
320940.00
83036.11
250000.00
120000.00
9200.00
6500.00
220000.00
99481.00
20000.00
13000.00
26437.00
700.00
10000.00
4747.80
2750.00
17491.00
70238.00
9665.00
28000.00
15000.00
1500.00
120000.00
6273.00
17000.00
2616.00
350000.00
2616.00
9280.00
21505.00
8000.00
13000.00
1300.00
131655.00
1500.00
652927.28
30600.00
2150.00
120000.00
652927.28
3500.00
4200.00
2000.00
75000.00
986.00
11161.00
75000.00
3887.45
7500.00
40000.00
36700.00
73790.00
5101.00
220000.00
23000.00
45000.00
153600.00
104985.00
652927.28
5000.00
140000.00
3866.00
112721.68
120000.00
51000.00
47000.00
6000.00
32000.00
