1232.00
80000.00
4500.00
300.00
1290.00
2000.00
2000.00
362950.00
1160.00
13820.00
300.00
300.00
185000.00
3000.00
950.00
800.00
10000.00
1000.00
16820.00
396.00
1550.00
2000.00
88735.00
52000.00
78500.00
85000.00
47500.00
300.00
500.00
250.00
300.00
3000.00
1300.00
500.00
1100.00
980.00
3000.00
3200.00
237.00
3680.00
3000.00
100000.00
4600.00
825.00
48000.00
49000.00
300.00
156000.00
36170.00
69000.00
1030.00
393.00
325.00
58800.00
920.00
25000.00
2800.00
4200.00
4500.00
1200.00
19000.00
900.00
2000.00
1000.00
1000.00
4000.00
22150.00
750.00
1100.00
1700.00
7000.00
1450.00
21583.61
4000.00
30000.00
500.00
6000.00
60000.00
680.00
2552.00
2000.00
6000.00
74250.00
1500.00
450.00
12000.00
350.00
200.00
52000.00
1910.00
60.00
27910.00
610.00
200.00
8000.00
500.00
1500.00
300.00
50000.00
350.00
300.00
4000.00
15000.00
50.00
1800.00
12000.00
876.00
900.00
250.00
1220.00
7000.00
400.00
4500.00
71500.00
1200.00
612325.00
92500.00
30000.00
1200.00
114837.25
250.00
2000.00
1500.00
3000.00
67375.00
100.00
2750.00
4000.00
660.00
8650.00
760.00
29692.50
38300.00
700.00
5030.00
4500.00
1500.00
2000.00
500.00
750.00
40000.00
1000.00
312.00
800.00
13000.00
3000.00
1500.00
386.00
560.00
3500.00
7000.00
2580.00
70125.00
24271.00
300000.00
800.00
73700.00
300.00
9000.00
2000.00
6000.00
419.00
12000.00
2280.00
1350.00
3000.00
20000.00
77300.00
752.90
580.00
990.00
650.00
3500.00
600.00
200.00
580.00
3000.00
1000.00
200.00
100000.00
300.00
3500.00
125000.00
250.00
250.00
2300.00
7000.00
160.00
1200.00
500.00
1300.00
7760.00
27500.00
6000.00
250.00
900.00
450.00
350.00
1000.00
300.00
250.00
130.00
700.00
800.00
1800.00
300.00
100.00
1500.00
600.00
1000.00
2500.00
1200.00
750.00
4100.00
1500.00
13000.00
23000.00
1000.00
6000.00
350.00
8000.00
600.00
1000.00
2797.80
2200.00
500.00
820.00
725.00
4600.00
500.00
500.00
4000.00
2000.00
2270.00
7000.00
65000.00
500.00
320.00
3700.00
200.00
5000.00
31000.00
188.00
4000.00
2000.00
34233.00
600.00
50000.00
15000.00
1500.00
200.00
700.00
2500.00
3500.00
2400.00
6580.00
16000.00
34320.00
8619.00
200.00
850.00
650.00
250.00
506.00
92.00
7600.00
4000.00
200.00
600.00
300000.00
420.00
70000.00
250.00
660.00
300.00
326.14
150.00
500.00
500.00
300.00
150.00
34799.00
200.00
1500.00
200.00
180000.00
500.00
1200.00
35.00
2400.00
500.00
400.00
4819.00
24000.00
23000.00
28000.00
31032.00
3229.40
850.00
500.00
4000.00
700.00
815.00
500.00
15800.00
5400.00
24200.00
400.00
7200.00
2500.00
350.00
950.00
570.00
900.00
700.00
57332.00
6500.00
600.00
260.00
700.00
1050.00
102.00
700.00
45800.00
110.00
100.00
1050.00
150000000.00
8010.00
800.00
77000.00
180.00
800.00
500.00
186.33
125000.00
8000.00
500.00
848.00
100.00
18.10
800.00
380000.00
550000.00
60.00
290.00
8500.00
3522.04
500.00
350.00
350.00
2500.00
410.00
50.00
200.00
2000.00
250.00
50000.00
9000.00
14000.00
550.00
4000.00
1200.00
2000.00
460.00
390.00
57.45
1400.00
120.00
4500.00
800.00
860.00
1972.00
9477.00
500.00
200.00
86000.00
300.00
200.00
5400.00
5250.00
300.00
65000.00
1900.00
620.00
2250.00
1000.00
50.00
600.00
300.00
23838.00
500.00
600.00
7260.00
30000.00
800.00
1200.00
5000.00
5000.00
700.00
2800.00
8400.00
550.00
1600.00
2500.00
4500.00
65400.00
77257.00
2000.00
16000.00
1000.00
2500.00
1500.00
1600.00
54000.00
400.00
700.00
21000.00
200.00
600.00
80000.00
1300.00
150000.00
200.00
500.00
1000.00
290.00
500.00
500.00
7560.00
2000.00
3500.00
1068.00
60.00
1000.00
4552.00
38100.00
17640.00
105000.00
3050.00
85000.00
95000.00
450.00
2500.00
8000.00
54.00
3000.00
550.00
2500.00
10000.00
15.00
150.00
220.00
1200.00
1000.00
369.00
1945.00
7000.00
70.00
2400.00
2000.00
500.00
150.00
19800.00
2500.00
1200.00
5000.00
360.00
3000.00
70.00
1500.00
7000.00
55000.00
500.00
250.00
1000.00
7500.00
180.00
17640.00
1589.00
3500.00
20000.00
1100.00
1345.20
420.00
200.00
88060.00
110000.00
11569.50
1000.00
6200.00
1100.00
800.00
185.00
5000.00
60000.00
700.00
150.00
120.00
650.00
49700.00
4700.00
350.00
8000.00
36904.00
700.00
2500.00
15000.00
250.00
1200.00
2000.00
90.00
450.00
120.00
1000.00
2000.00
1500.00
24000.00
10000.00
1300.00
500.00
200.00
3270.00
10000.00
50000.00
500.00
1800.00
500.00
9114.49
300.00
9097.52
500.00
3500.00
500.00
8000.00
2820.00
1200.00
220.00
9828.00
9000.00
201.00
150.00
1000.00
15000.00
260.00
700.00
1000.00
280.00
690.00
1500.00
1600.00
2867.00
200.00
20000.00
20000.00
61400.00
2000.00
31754.00
23.00
8846.00
1150.00
800.00
800.00
80.00
2200.00
1000.00
150.00
6000.00
7500.00
1200.00
2605.00
250.00
6000.00
200.00
2250.00
3400.00
6000.00
13500.00
1576.00
200.00
150.00
500.00
260.00
700.00
600.00
600.00
1300.00
2900.00
100.00
890.00
1000.00
500.00
550.00
250.00
550.00
1600.00
800.00
50.00
4500.00
3000.00
4375.00
63800.00
