180.00
200.00
90.00
706.34
60706.00
182.70
221.65
121.57
225.13
51.47
347.44
178.00
135.00
87.00
528.00
162.29
500.00
500.00
36.00
520.00
139.00
57.00
1500.00
591.00
800.00
650.00
267.00
280.00
430.00
4332.00
327.94
400.00
6000.00
46.21
114.47
95.52
43.98
33.73
841.90
44.00
93.08
1368.85
388.51
201.07
42.90
59.77
8.53
550.00
2910.00
141.00
48196.00
215.00
245.00
80.53
493.25
151.00
562.00
297.00
78.73
57.90
166.99
97.50
210.00
2062.00
474.00
2452.00
37.17
500.00
43.56
51.14
511.00
70.00
89.00
370.00
133.00
293.00
526.00
375.00
19800.00
360.00
2583.00
153.00
771.41
125.00
93.48
131.54
98.13
311.00
78.69
268.00
370.00
231.40
217.00
252.00
347.00
1700.00
183.00
1800.00
278.00
191.53
750.00
53.40
150.00
87.32
11.20
19.66
250.00
200.00
16.00
345.00
239.00
427.00
347.00
228258.00
195.00
73.00
1943.00
910.00
145.80
176.28
640.00
100000.00
215.16
238.94
21.32
380.00
335.00
227.00
82.55
442.39
150.00
79.29
3093.80
56.67
128.90
677.53
485.00
50.92
81.00
51.00
1111.00
3177.00
471.12
50.29
154.40
725.00
750.50
1032.28
132.00
66.97
112.14
1700.00
608.52
474.00
420.00
6274.33
113.00
136.29
75.97
44.56
95.57
17.26
2061200.00
655.00
635.00
77.41
635.00
500.00
330.66
500.00
1400.00
278.60
30870.00
1771.30
121.00
98.86
4000.00
770.00
250.00
100.00
93.08
257.00
73.91
21.00
283.00
1392.00
2200.23
328.00
280.00
730.00
116.00
92.00
50.00
38932.00
17000.00
198.33
89.00
276.09
185.31
15.66
37.67
1700.00
652.79
275.76
293.04
65.66
13325.00
390.31
1092.30
179.37
362.69
98.80
194.60
690.00
83.30
60000.00
1000.00
547.00
281.00
21347.00
35.20
600.00
2953.00
490.00
30000.00
700.00
15000.00
15000.00
400.00
85848.00
2000.00
78.46
97.50
90.76
8756.00
2771.00
300.00
1500.00
3000.00
13325.00
600.00
136.00
93.00
438.00
20.00
115.00
84.72
89.74
360.00
491.00
35.20
60.44
432.00
77.55
494.00
55.13
138.00
345.00
209.00
131.00
132.00
3643.00
545.00
320.00
471.26
161.00
97.50
363.00
1108.28
140000.00
156000.00
130.58
868.00
148.89
1518.00
1518.00
120.95
293.00
100000.00
93826.00
253.00
78.57
32.76
200000.00
400000.00
11260.77
76500.42
65.66
5500.00
70.60
45.47
250.14
1518.00
1518.00
1366.32
580.17
5000.00
83.10
450000.00
5500.00
1322.00
400000.00
15000.00
503.00
17350.00
147.62
680.00
48.91
2278.05
2278.05
65.59
241.00
260.00
500.00
412.14
60000.00
73.99
4390.00
276.00
459.00
25.68
300.11
83.10
580.00
171.00
160.28
65.59
74.18
290.00
237.00
500.00
40.00
300.00
1171.00
1640.00
400.00
260.00
932.00
990.00
47.70
655.00
1585.00
4000.00
2300.00
1000.00
273.01
4178.00
200.00
114.89
1000.00
20000.00
250.14
220099.00
490.00
350.00
17.26
38000.00
632.00
60.00
69.44
145.00
198000.00
50000.00
5000.00
376.00
73.99
198000.00
134.00
40000.00
2272.00
1079.00
80000.00
139.00
355.00
100.00
1000.00
7279.00
479.16
120.12
168.00
511.74
48.49
152.59
50.15
85.95
73.70
43.98
208.56
103.80
153.34
5849.00
7000.00
71.03
397.00
525.00
2000.00
570.00
88.00
1862.70
185.31
2432.80
169.00
1518.00
239.00
1518.00
1518.00
36.46
9.61
146.90
30.00
70.08
67000.00
1518.00
2420.00
23600.00
14635.00
2800.00
