462.00
174.24
61.90
493.02
694.32
651.75
46.22
29.60
35.00
150.48
151.67
45.52
62.88
1999.24
404.00
1793.00
571.00
6417.00
284.07
121.00
990.00
932.00
11.12
59.00
27.69
145.00
714.57
70.40
93.00
261.58
3500.00
563.47
150.15
1075.00
660.00
346.06
59.44
104.78
683.76
367.68
109.00
375.80
226.88
474.21
5410.00
277.00
143.49
5600.00
259.00
130.63
22.70
35.80
622.40
270.00
650.00
324.00
360.00
590.18
480.00
643.00
266.00
11376.00
762.91
8000.00
300.00
900.00
2527.00
700.00
90.00
100.00
2625.00
23.40
188.50
100.90
28.69
54700.00
7305.00
18.02
385.11
5030.00
218.46
300.00
95.00
301.87
920.00
600.00
1159.46
1320.00
11796.95
320.00
82.57
34.56
237.00
26.21
12092.00
45.00
500.00
245.00
877.00
400.00
300.00
360.00
7700.00
175.00
135.00
280.15
121.00
435.00
125.00
58.63
180.00
165.00
12.34
1118.30
1800.00
460.35
184.21
38.72
300.36
870.95
309.72
53.40
57.00
300.00
400.00
105.00
600.00
152.00
301.38
171.00
559.77
384.00
19.92
250.00
1979.40
77.89
700.00
79.15
15.94
108.53
268.00
530.00
982.00
18000.00
107.00
873.00
133.11
300.00
74.00
22.36
1000.00
3101.00
106.20
24516.50
100.00
66.08
810.00
282.27
74.71
169.99
277.20
820.00
174.23
1375.45
750.00
2319.00
227.97
256.00
204.61
653.40
153.52
64.99
1344.52
286.00
3080.00
875.97
345.00
2080.00
600.00
686.41
60.52
2500.00
710.74
1500.00
114.11
98.01
14.00
450.00
740.00
69.90
16.52
438.89
49.35
419.44
185.46
75.00
354.09
59.88
355.41
458.16
245.00
417.00
16.80
119.14
6730.00
156.74
800.00
4730.00
760.00
1059.00
126.72
320.00
92.30
300.00
455.00
687.00
100.00
900.00
721.00
781.59
90873.00
220.00
169.00
190.00
351.00
388.00
74.00
310.97
3000.00
300.00
200.00
18.90
114.35
485.00
118.00
2000.00
200.00
500.00
127.80
112.60
131.10
1070.00
1670.00
604.40
2800.00
128.80
194.04
173.40
1893.00
2400.00
8856.00
5500.00
1877.00
5472.00
329.90
28.47
25.47
644.00
351.85
100.00
1500.00
72.25
82.67
213.84
71.28
400.00
160.00
828.50
218.06
1800.00
341.00
2000.00
260.00
2916.00
206.00
130.10
100.00
254.00
37.00
91.17
424.00
178.00
124.58
472.53
416.98
260.00
5582.00
800.00
162.39
244.58
328.93
761.20
653.56
363.67
67.67
53.62
82.60
14000.00
2008.36
326.30
82.10
71.47
1000.00
830.00
211.00
2000.00
408.00
656.00
310.00
106.00
282.00
489.00
200.00
16.80
221.00
144.00
1426.00
450.00
600.00
700.00
299.30
200.00
550.00
500.00
91.03
2500.00
57.60
300.00
142.87
417.96
554.03
300.00
1233.00
180.63
324.42
600.00
300.00
350.00
9908.40
120.00
54.49
22.50
21.33
104.98
36.38
93.51
250.00
140.00
29.50
766.46
412.72
1101.00
199.50
196.50
166.97
300.00
1350.51
690.00
150.00
297.80
315.28
22.50
144.18
700.00
84.80
5600.00
1000.00
60.00
1000.00
70.60
566.00
20000.00
18.42
84.64
71.47
29.17
67.15
700.00
142.00
3000000.00
94.43
247.37
302.00
104.00
4000.00
199.64
69.00
506.10
200.00
288.00
800.00
343.00
108.00
400.00
961.00
386.00
618.00
380.00
311.00
829.00
338.80
85.41
100.06
58.25
163.39
51.00
18.18
46.00
434.18
21.98
68.88
113.91
28.07
1582.00
132.00
671.00
128.00
300.00
1179.00
7300.00
51.20
53.32
31.75
300.00
10709.00
400.00
593.90
17302.23
300.00
5040.00
800.00
224.45
321.00
7300.00
656.67
10.00
250.00
423.71
85.41
795.66
68.12
36.99
77.32
283.00
660.00
840.00
700.00
580.00
80.35
